[redshift]
temp-day=3500
temp-night=3500

[manual]
lat=23.810331
lon=23.810331
